457379.271643 6786013.026936 147.528824
455308.000000 6784068.000000 201.745178
456514.729518 6784048.683383 128.291351
457762.825164 6787129.917310 150.312195
453085.280980 6786788.352083 196.132965
454716.938301 6787607.120000 193.104492
456316.580185 6788724.750000 177.770599
454901.278237 6786210.630000 204.824753
453523.008381 6783001.798561 222.614792
451496.662828 6781788.240000 185.659836
452257.451628 6784852.467000 217.254135
457379.271643 6786013.026936 147.528824
457537.109618 6785280.143890 98.401115
