457379.271643 6786013.026936 155.526306
455308.000000 6784068.000000 195.771317
456514.729518 6784048.683383 131.527908
457762.825164 6787129.917310 153.312592
453085.280980 6786788.352083 161.561844
454716.938301 6787607.120000 164.967438
456316.580185 6788724.750000 171.330933
454901.278237 6786210.630000 183.970886
453523.008381 6783001.798561 206.482803
451496.662828 6781788.240000 164.978958
452257.451628 6784852.467000 197.737625
457379.271643 6786013.026936 155.526306
457537.109618 6785280.143890 184.024139
